{
 "cells": [
  {
   "cell_type": "code",
   "execution_count": 2,
   "id": "0d6fcab7-14c3-4339-a193-089e7027d363",
   "metadata": {},
   "outputs": [],
   "source": [
    "import pandas as pd\n",
    "import numpy as np\n",
    "import seaborn as sns\n",
    "import matplotlib.pyplot as plt"
   ]
  },
  {
   "cell_type": "code",
   "execution_count": 5,
   "id": "a250fc73-a7a5-45ad-86b5-34d821f83670",
   "metadata": {
    "collapsed": true,
    "jupyter": {
     "outputs_hidden": true
    },
    "tags": []
   },
   "outputs": [
    {
     "data": {
      "text/html": [
       "<div>\n",
       "<style scoped>\n",
       "    .dataframe tbody tr th:only-of-type {\n",
       "        vertical-align: middle;\n",
       "    }\n",
       "\n",
       "    .dataframe tbody tr th {\n",
       "        vertical-align: top;\n",
       "    }\n",
       "\n",
       "    .dataframe thead th {\n",
       "        text-align: right;\n",
       "    }\n",
       "</style>\n",
       "<table border=\"1\" class=\"dataframe\">\n",
       "  <thead>\n",
       "    <tr style=\"text-align: right;\">\n",
       "      <th></th>\n",
       "      <th>龍華一廠</th>\n",
       "      <th>龍華二廠</th>\n",
       "      <th>龍華三廠</th>\n",
       "      <th>LCM廠</th>\n",
       "      <th>觀瀾廠</th>\n",
       "      <th>模具部</th>\n",
       "      <th>製工部</th>\n",
       "      <th>製程部</th>\n",
       "      <th>QA部</th>\n",
       "      <th>AI部</th>\n",
       "      <th>總經理室</th>\n",
       "      <th>財務部</th>\n",
       "      <th>管理部</th>\n",
       "      <th>業務一部</th>\n",
       "      <th>業務二部</th>\n",
       "      <th>CapaUtilization</th>\n",
       "    </tr>\n",
       "  </thead>\n",
       "  <tbody>\n",
       "    <tr>\n",
       "      <th>0</th>\n",
       "      <td>757596</td>\n",
       "      <td>2869755</td>\n",
       "      <td>11056108</td>\n",
       "      <td>26991292</td>\n",
       "      <td>1335383</td>\n",
       "      <td>32456</td>\n",
       "      <td>17977</td>\n",
       "      <td>54250</td>\n",
       "      <td>81386</td>\n",
       "      <td>13531</td>\n",
       "      <td>3123</td>\n",
       "      <td>29085</td>\n",
       "      <td>88243</td>\n",
       "      <td>33493</td>\n",
       "      <td>45250</td>\n",
       "      <td>0.8602</td>\n",
       "    </tr>\n",
       "    <tr>\n",
       "      <th>1</th>\n",
       "      <td>746413</td>\n",
       "      <td>2785665</td>\n",
       "      <td>10719651</td>\n",
       "      <td>26007947</td>\n",
       "      <td>1301762</td>\n",
       "      <td>41616</td>\n",
       "      <td>29663</td>\n",
       "      <td>64984</td>\n",
       "      <td>74592</td>\n",
       "      <td>18647</td>\n",
       "      <td>3329</td>\n",
       "      <td>33499</td>\n",
       "      <td>86518</td>\n",
       "      <td>27652</td>\n",
       "      <td>44417</td>\n",
       "      <td>0.8312</td>\n",
       "    </tr>\n",
       "    <tr>\n",
       "      <th>2</th>\n",
       "      <td>701001</td>\n",
       "      <td>2457011</td>\n",
       "      <td>11441965</td>\n",
       "      <td>26855035</td>\n",
       "      <td>1169504</td>\n",
       "      <td>21723</td>\n",
       "      <td>6761</td>\n",
       "      <td>38342</td>\n",
       "      <td>78186</td>\n",
       "      <td>7780</td>\n",
       "      <td>3357</td>\n",
       "      <td>28964</td>\n",
       "      <td>86549</td>\n",
       "      <td>40356</td>\n",
       "      <td>46059</td>\n",
       "      <td>0.8525</td>\n",
       "    </tr>\n",
       "    <tr>\n",
       "      <th>3</th>\n",
       "      <td>712124</td>\n",
       "      <td>2535601</td>\n",
       "      <td>11007733</td>\n",
       "      <td>24816714</td>\n",
       "      <td>1201262</td>\n",
       "      <td>20300</td>\n",
       "      <td>5562</td>\n",
       "      <td>38039</td>\n",
       "      <td>76472</td>\n",
       "      <td>7374</td>\n",
       "      <td>3582</td>\n",
       "      <td>32040</td>\n",
       "      <td>84827</td>\n",
       "      <td>27047</td>\n",
       "      <td>44321</td>\n",
       "      <td>0.8055</td>\n",
       "    </tr>\n",
       "    <tr>\n",
       "      <th>4</th>\n",
       "      <td>840953</td>\n",
       "      <td>3536009</td>\n",
       "      <td>9479498</td>\n",
       "      <td>23076859</td>\n",
       "      <td>1599146</td>\n",
       "      <td>26755</td>\n",
       "      <td>11143</td>\n",
       "      <td>54912</td>\n",
       "      <td>83633</td>\n",
       "      <td>11580</td>\n",
       "      <td>3305</td>\n",
       "      <td>20738</td>\n",
       "      <td>55380</td>\n",
       "      <td>72060</td>\n",
       "      <td>48577</td>\n",
       "      <td>0.7706</td>\n",
       "    </tr>\n",
       "    <tr>\n",
       "      <th>...</th>\n",
       "      <td>...</td>\n",
       "      <td>...</td>\n",
       "      <td>...</td>\n",
       "      <td>...</td>\n",
       "      <td>...</td>\n",
       "      <td>...</td>\n",
       "      <td>...</td>\n",
       "      <td>...</td>\n",
       "      <td>...</td>\n",
       "      <td>...</td>\n",
       "      <td>...</td>\n",
       "      <td>...</td>\n",
       "      <td>...</td>\n",
       "      <td>...</td>\n",
       "      <td>...</td>\n",
       "      <td>...</td>\n",
       "    </tr>\n",
       "    <tr>\n",
       "      <th>403</th>\n",
       "      <td>414314</td>\n",
       "      <td>858282</td>\n",
       "      <td>9322099</td>\n",
       "      <td>25791885</td>\n",
       "      <td>493251</td>\n",
       "      <td>15459</td>\n",
       "      <td>2379</td>\n",
       "      <td>15105</td>\n",
       "      <td>66589</td>\n",
       "      <td>2979</td>\n",
       "      <td>2752</td>\n",
       "      <td>21599</td>\n",
       "      <td>1856895</td>\n",
       "      <td>29615</td>\n",
       "      <td>44715</td>\n",
       "      <td>0.7376</td>\n",
       "    </tr>\n",
       "    <tr>\n",
       "      <th>404</th>\n",
       "      <td>384731</td>\n",
       "      <td>740091</td>\n",
       "      <td>10069565</td>\n",
       "      <td>26093262</td>\n",
       "      <td>439063</td>\n",
       "      <td>16235</td>\n",
       "      <td>3242</td>\n",
       "      <td>14490</td>\n",
       "      <td>66589</td>\n",
       "      <td>3146</td>\n",
       "      <td>2672</td>\n",
       "      <td>24299</td>\n",
       "      <td>2002566</td>\n",
       "      <td>36663</td>\n",
       "      <td>45642</td>\n",
       "      <td>0.7545</td>\n",
       "    </tr>\n",
       "    <tr>\n",
       "      <th>405</th>\n",
       "      <td>364010</td>\n",
       "      <td>662515</td>\n",
       "      <td>9710089</td>\n",
       "      <td>26944688</td>\n",
       "      <td>402843</td>\n",
       "      <td>15494</td>\n",
       "      <td>2418</td>\n",
       "      <td>12683</td>\n",
       "      <td>66589</td>\n",
       "      <td>2628</td>\n",
       "      <td>2788</td>\n",
       "      <td>21355</td>\n",
       "      <td>2008192</td>\n",
       "      <td>29604</td>\n",
       "      <td>44713</td>\n",
       "      <td>0.7617</td>\n",
       "    </tr>\n",
       "    <tr>\n",
       "      <th>406</th>\n",
       "      <td>351813</td>\n",
       "      <td>618860</td>\n",
       "      <td>9322098</td>\n",
       "      <td>25895543</td>\n",
       "      <td>382193</td>\n",
       "      <td>15492</td>\n",
       "      <td>2416</td>\n",
       "      <td>12123</td>\n",
       "      <td>66589</td>\n",
       "      <td>2543</td>\n",
       "      <td>2597</td>\n",
       "      <td>24250</td>\n",
       "      <td>2082039</td>\n",
       "      <td>36669</td>\n",
       "      <td>45643</td>\n",
       "      <td>0.7314</td>\n",
       "    </tr>\n",
       "    <tr>\n",
       "      <th>407</th>\n",
       "      <td>346755</td>\n",
       "      <td>601196</td>\n",
       "      <td>10069569</td>\n",
       "      <td>26116074</td>\n",
       "      <td>373776</td>\n",
       "      <td>17222</td>\n",
       "      <td>4338</td>\n",
       "      <td>13818</td>\n",
       "      <td>66589</td>\n",
       "      <td>3374</td>\n",
       "      <td>2863</td>\n",
       "      <td>22053</td>\n",
       "      <td>2189217</td>\n",
       "      <td>29602</td>\n",
       "      <td>44713</td>\n",
       "      <td>0.7501</td>\n",
       "    </tr>\n",
       "  </tbody>\n",
       "</table>\n",
       "<p>408 rows × 16 columns</p>\n",
       "</div>"
      ],
      "text/plain": [
       "       龍華一廠     龍華二廠      龍華三廠      LCM廠      觀瀾廠    模具部    製工部    製程部    QA部  \\\n",
       "0    757596  2869755  11056108  26991292  1335383  32456  17977  54250  81386   \n",
       "1    746413  2785665  10719651  26007947  1301762  41616  29663  64984  74592   \n",
       "2    701001  2457011  11441965  26855035  1169504  21723   6761  38342  78186   \n",
       "3    712124  2535601  11007733  24816714  1201262  20300   5562  38039  76472   \n",
       "4    840953  3536009   9479498  23076859  1599146  26755  11143  54912  83633   \n",
       "..      ...      ...       ...       ...      ...    ...    ...    ...    ...   \n",
       "403  414314   858282   9322099  25791885   493251  15459   2379  15105  66589   \n",
       "404  384731   740091  10069565  26093262   439063  16235   3242  14490  66589   \n",
       "405  364010   662515   9710089  26944688   402843  15494   2418  12683  66589   \n",
       "406  351813   618860   9322098  25895543   382193  15492   2416  12123  66589   \n",
       "407  346755   601196  10069569  26116074   373776  17222   4338  13818  66589   \n",
       "\n",
       "       AI部  總經理室    財務部      管理部   業務一部   業務二部  CapaUtilization  \n",
       "0    13531  3123  29085    88243  33493  45250           0.8602  \n",
       "1    18647  3329  33499    86518  27652  44417           0.8312  \n",
       "2     7780  3357  28964    86549  40356  46059           0.8525  \n",
       "3     7374  3582  32040    84827  27047  44321           0.8055  \n",
       "4    11580  3305  20738    55380  72060  48577           0.7706  \n",
       "..     ...   ...    ...      ...    ...    ...              ...  \n",
       "403   2979  2752  21599  1856895  29615  44715           0.7376  \n",
       "404   3146  2672  24299  2002566  36663  45642           0.7545  \n",
       "405   2628  2788  21355  2008192  29604  44713           0.7617  \n",
       "406   2543  2597  24250  2082039  36669  45643           0.7314  \n",
       "407   3374  2863  22053  2189217  29602  44713           0.7501  \n",
       "\n",
       "[408 rows x 16 columns]"
      ]
     },
     "execution_count": 5,
     "metadata": {},
     "output_type": "execute_result"
    }
   ],
   "source": [
    "df1=pd.read_csv('FABExptest.csv')\n",
    "df1.drop(['date','月份','星期','淡旺季','AI啟動','LeadTime','QAIndex','深圳總產能下之總費用'],axis='columns',inplace=True)\n",
    "df1"
   ]
  },
  {
   "cell_type": "code",
   "execution_count": 7,
   "id": "a35284a6-7a9a-433f-b162-321a93d9a8f3",
   "metadata": {},
   "outputs": [],
   "source": [
    "df1=df1.rename(columns={'龍華一廠':'LongWhua1','龍華二廠':'LongWhua2','龍華三廠':'LongWhua3','LCM廠':'LCM','觀瀾廠':'GuanFactory',\n",
    "                            '模具部':'Module','製工部':'ME','製程部':'MP','AI部':'AIDep',\n",
    "                            'QA部':'QADep','總經理室':'GM',\n",
    "                            '財務部':'FinanceDep','管理部':'ManageDep','業務一部':'Sales1',\n",
    "                            '業務二部':'Sales2'})"
   ]
  },
  {
   "cell_type": "code",
   "execution_count": 10,
   "id": "84287344-2ad4-4971-a723-770aaf7fbc50",
   "metadata": {
    "collapsed": true,
    "jupyter": {
     "outputs_hidden": true
    },
    "tags": []
   },
   "outputs": [
    {
     "name": "stdout",
     "output_type": "stream",
     "text": [
      "<class 'pandas.core.frame.DataFrame'>\n",
      "RangeIndex: 408 entries, 0 to 407\n",
      "Data columns (total 16 columns):\n",
      " #   Column           Non-Null Count  Dtype  \n",
      "---  ------           --------------  -----  \n",
      " 0   LongWhua1        408 non-null    int64  \n",
      " 1   LongWhua2        408 non-null    int64  \n",
      " 2   LongWhua3        408 non-null    int64  \n",
      " 3   LCM              408 non-null    int64  \n",
      " 4   GuanFactory      408 non-null    int64  \n",
      " 5   Module           408 non-null    int64  \n",
      " 6   ME               408 non-null    int64  \n",
      " 7   MP               408 non-null    int64  \n",
      " 8   QADep            408 non-null    int64  \n",
      " 9   AIDep            408 non-null    int64  \n",
      " 10  GM               408 non-null    int64  \n",
      " 11  FinanceDep       408 non-null    int64  \n",
      " 12  ManageDep        408 non-null    int64  \n",
      " 13  Sales1           408 non-null    int64  \n",
      " 14  Sales2           408 non-null    int64  \n",
      " 15  CapaUtilization  408 non-null    float64\n",
      "dtypes: float64(1), int64(15)\n",
      "memory usage: 51.1 KB\n"
     ]
    },
    {
     "data": {
      "text/plain": [
       "None"
      ]
     },
     "metadata": {},
     "output_type": "display_data"
    },
    {
     "data": {
      "text/html": [
       "<div>\n",
       "<style scoped>\n",
       "    .dataframe tbody tr th:only-of-type {\n",
       "        vertical-align: middle;\n",
       "    }\n",
       "\n",
       "    .dataframe tbody tr th {\n",
       "        vertical-align: top;\n",
       "    }\n",
       "\n",
       "    .dataframe thead th {\n",
       "        text-align: right;\n",
       "    }\n",
       "</style>\n",
       "<table border=\"1\" class=\"dataframe\">\n",
       "  <thead>\n",
       "    <tr style=\"text-align: right;\">\n",
       "      <th></th>\n",
       "      <th>LongWhua1</th>\n",
       "      <th>LongWhua2</th>\n",
       "      <th>LongWhua3</th>\n",
       "      <th>LCM</th>\n",
       "      <th>GuanFactory</th>\n",
       "      <th>Module</th>\n",
       "      <th>ME</th>\n",
       "      <th>MP</th>\n",
       "      <th>QADep</th>\n",
       "      <th>AIDep</th>\n",
       "      <th>GM</th>\n",
       "      <th>FinanceDep</th>\n",
       "      <th>ManageDep</th>\n",
       "      <th>Sales1</th>\n",
       "      <th>Sales2</th>\n",
       "      <th>CapaUtilization</th>\n",
       "    </tr>\n",
       "  </thead>\n",
       "  <tbody>\n",
       "    <tr>\n",
       "      <th>LongWhua1</th>\n",
       "      <td>1.000000</td>\n",
       "      <td>0.988201</td>\n",
       "      <td>0.418870</td>\n",
       "      <td>0.122621</td>\n",
       "      <td>0.992368</td>\n",
       "      <td>-0.023938</td>\n",
       "      <td>-0.044129</td>\n",
       "      <td>0.870738</td>\n",
       "      <td>0.028717</td>\n",
       "      <td>0.496455</td>\n",
       "      <td>0.197131</td>\n",
       "      <td>-0.035199</td>\n",
       "      <td>-0.328063</td>\n",
       "      <td>0.186727</td>\n",
       "      <td>0.127168</td>\n",
       "      <td>0.724257</td>\n",
       "    </tr>\n",
       "    <tr>\n",
       "      <th>LongWhua2</th>\n",
       "      <td>0.988201</td>\n",
       "      <td>1.000000</td>\n",
       "      <td>0.387505</td>\n",
       "      <td>0.127680</td>\n",
       "      <td>0.999546</td>\n",
       "      <td>-0.043864</td>\n",
       "      <td>-0.050890</td>\n",
       "      <td>0.875123</td>\n",
       "      <td>-0.003570</td>\n",
       "      <td>0.495165</td>\n",
       "      <td>0.193477</td>\n",
       "      <td>-0.047490</td>\n",
       "      <td>-0.296924</td>\n",
       "      <td>0.168419</td>\n",
       "      <td>0.116342</td>\n",
       "      <td>0.724211</td>\n",
       "    </tr>\n",
       "    <tr>\n",
       "      <th>LongWhua3</th>\n",
       "      <td>0.418870</td>\n",
       "      <td>0.387505</td>\n",
       "      <td>1.000000</td>\n",
       "      <td>0.462859</td>\n",
       "      <td>0.394371</td>\n",
       "      <td>0.080650</td>\n",
       "      <td>0.024264</td>\n",
       "      <td>0.364885</td>\n",
       "      <td>0.136488</td>\n",
       "      <td>0.232830</td>\n",
       "      <td>0.173962</td>\n",
       "      <td>0.097704</td>\n",
       "      <td>-0.235119</td>\n",
       "      <td>-0.191384</td>\n",
       "      <td>-0.237038</td>\n",
       "      <td>0.720034</td>\n",
       "    </tr>\n",
       "    <tr>\n",
       "      <th>LCM</th>\n",
       "      <td>0.122621</td>\n",
       "      <td>0.127680</td>\n",
       "      <td>0.462859</td>\n",
       "      <td>1.000000</td>\n",
       "      <td>0.126933</td>\n",
       "      <td>0.098470</td>\n",
       "      <td>0.074125</td>\n",
       "      <td>0.150269</td>\n",
       "      <td>0.083201</td>\n",
       "      <td>0.133052</td>\n",
       "      <td>0.121695</td>\n",
       "      <td>-0.017195</td>\n",
       "      <td>0.355327</td>\n",
       "      <td>-0.371001</td>\n",
       "      <td>-0.263587</td>\n",
       "      <td>0.746910</td>\n",
       "    </tr>\n",
       "    <tr>\n",
       "      <th>GuanFactory</th>\n",
       "      <td>0.992368</td>\n",
       "      <td>0.999546</td>\n",
       "      <td>0.394371</td>\n",
       "      <td>0.126933</td>\n",
       "      <td>1.000000</td>\n",
       "      <td>-0.040041</td>\n",
       "      <td>-0.049673</td>\n",
       "      <td>0.875886</td>\n",
       "      <td>0.002774</td>\n",
       "      <td>0.496327</td>\n",
       "      <td>0.194558</td>\n",
       "      <td>-0.045162</td>\n",
       "      <td>-0.303580</td>\n",
       "      <td>0.172324</td>\n",
       "      <td>0.118680</td>\n",
       "      <td>0.725571</td>\n",
       "    </tr>\n",
       "    <tr>\n",
       "      <th>Module</th>\n",
       "      <td>-0.023938</td>\n",
       "      <td>-0.043864</td>\n",
       "      <td>0.080650</td>\n",
       "      <td>0.098470</td>\n",
       "      <td>-0.040041</td>\n",
       "      <td>1.000000</td>\n",
       "      <td>0.899015</td>\n",
       "      <td>0.397535</td>\n",
       "      <td>0.570733</td>\n",
       "      <td>0.759394</td>\n",
       "      <td>-0.032040</td>\n",
       "      <td>0.263196</td>\n",
       "      <td>-0.055931</td>\n",
       "      <td>0.107089</td>\n",
       "      <td>0.139839</td>\n",
       "      <td>0.052011</td>\n",
       "    </tr>\n",
       "    <tr>\n",
       "      <th>ME</th>\n",
       "      <td>-0.044129</td>\n",
       "      <td>-0.050890</td>\n",
       "      <td>0.024264</td>\n",
       "      <td>0.074125</td>\n",
       "      <td>-0.049673</td>\n",
       "      <td>0.899015</td>\n",
       "      <td>1.000000</td>\n",
       "      <td>0.438352</td>\n",
       "      <td>0.153508</td>\n",
       "      <td>0.842397</td>\n",
       "      <td>-0.051891</td>\n",
       "      <td>0.171276</td>\n",
       "      <td>-0.059906</td>\n",
       "      <td>-0.008919</td>\n",
       "      <td>0.002554</td>\n",
       "      <td>0.019750</td>\n",
       "    </tr>\n",
       "    <tr>\n",
       "      <th>MP</th>\n",
       "      <td>0.870738</td>\n",
       "      <td>0.875123</td>\n",
       "      <td>0.364885</td>\n",
       "      <td>0.150269</td>\n",
       "      <td>0.875886</td>\n",
       "      <td>0.397535</td>\n",
       "      <td>0.438352</td>\n",
       "      <td>1.000000</td>\n",
       "      <td>0.075061</td>\n",
       "      <td>0.853593</td>\n",
       "      <td>0.149743</td>\n",
       "      <td>0.041542</td>\n",
       "      <td>-0.300456</td>\n",
       "      <td>0.149768</td>\n",
       "      <td>0.107440</td>\n",
       "      <td>0.662219</td>\n",
       "    </tr>\n",
       "    <tr>\n",
       "      <th>QADep</th>\n",
       "      <td>0.028717</td>\n",
       "      <td>-0.003570</td>\n",
       "      <td>0.136488</td>\n",
       "      <td>0.083201</td>\n",
       "      <td>0.002774</td>\n",
       "      <td>0.570733</td>\n",
       "      <td>0.153508</td>\n",
       "      <td>0.075061</td>\n",
       "      <td>1.000000</td>\n",
       "      <td>0.133969</td>\n",
       "      <td>0.024997</td>\n",
       "      <td>0.272744</td>\n",
       "      <td>-0.013877</td>\n",
       "      <td>0.258370</td>\n",
       "      <td>0.310756</td>\n",
       "      <td>0.080318</td>\n",
       "    </tr>\n",
       "    <tr>\n",
       "      <th>AIDep</th>\n",
       "      <td>0.496455</td>\n",
       "      <td>0.495165</td>\n",
       "      <td>0.232830</td>\n",
       "      <td>0.133052</td>\n",
       "      <td>0.496327</td>\n",
       "      <td>0.759394</td>\n",
       "      <td>0.842397</td>\n",
       "      <td>0.853593</td>\n",
       "      <td>0.133969</td>\n",
       "      <td>1.000000</td>\n",
       "      <td>0.059696</td>\n",
       "      <td>0.124177</td>\n",
       "      <td>-0.214863</td>\n",
       "      <td>0.084620</td>\n",
       "      <td>0.065890</td>\n",
       "      <td>0.408467</td>\n",
       "    </tr>\n",
       "    <tr>\n",
       "      <th>GM</th>\n",
       "      <td>0.197131</td>\n",
       "      <td>0.193477</td>\n",
       "      <td>0.173962</td>\n",
       "      <td>0.121695</td>\n",
       "      <td>0.194558</td>\n",
       "      <td>-0.032040</td>\n",
       "      <td>-0.051891</td>\n",
       "      <td>0.149743</td>\n",
       "      <td>0.024997</td>\n",
       "      <td>0.059696</td>\n",
       "      <td>1.000000</td>\n",
       "      <td>0.152208</td>\n",
       "      <td>-0.099131</td>\n",
       "      <td>0.069525</td>\n",
       "      <td>0.086293</td>\n",
       "      <td>0.219067</td>\n",
       "    </tr>\n",
       "    <tr>\n",
       "      <th>FinanceDep</th>\n",
       "      <td>-0.035199</td>\n",
       "      <td>-0.047490</td>\n",
       "      <td>0.097704</td>\n",
       "      <td>-0.017195</td>\n",
       "      <td>-0.045162</td>\n",
       "      <td>0.263196</td>\n",
       "      <td>0.171276</td>\n",
       "      <td>0.041542</td>\n",
       "      <td>0.272744</td>\n",
       "      <td>0.124177</td>\n",
       "      <td>0.152208</td>\n",
       "      <td>1.000000</td>\n",
       "      <td>-0.071859</td>\n",
       "      <td>-0.003675</td>\n",
       "      <td>0.089205</td>\n",
       "      <td>-0.012025</td>\n",
       "    </tr>\n",
       "    <tr>\n",
       "      <th>ManageDep</th>\n",
       "      <td>-0.328063</td>\n",
       "      <td>-0.296924</td>\n",
       "      <td>-0.235119</td>\n",
       "      <td>0.355327</td>\n",
       "      <td>-0.303580</td>\n",
       "      <td>-0.055931</td>\n",
       "      <td>-0.059906</td>\n",
       "      <td>-0.300456</td>\n",
       "      <td>-0.013877</td>\n",
       "      <td>-0.214863</td>\n",
       "      <td>-0.099131</td>\n",
       "      <td>-0.071859</td>\n",
       "      <td>1.000000</td>\n",
       "      <td>-0.097970</td>\n",
       "      <td>-0.033770</td>\n",
       "      <td>-0.024303</td>\n",
       "    </tr>\n",
       "    <tr>\n",
       "      <th>Sales1</th>\n",
       "      <td>0.186727</td>\n",
       "      <td>0.168419</td>\n",
       "      <td>-0.191384</td>\n",
       "      <td>-0.371001</td>\n",
       "      <td>0.172324</td>\n",
       "      <td>0.107089</td>\n",
       "      <td>-0.008919</td>\n",
       "      <td>0.149768</td>\n",
       "      <td>0.258370</td>\n",
       "      <td>0.084620</td>\n",
       "      <td>0.069525</td>\n",
       "      <td>-0.003675</td>\n",
       "      <td>-0.097970</td>\n",
       "      <td>1.000000</td>\n",
       "      <td>0.953411</td>\n",
       "      <td>-0.159380</td>\n",
       "    </tr>\n",
       "    <tr>\n",
       "      <th>Sales2</th>\n",
       "      <td>0.127168</td>\n",
       "      <td>0.116342</td>\n",
       "      <td>-0.237038</td>\n",
       "      <td>-0.263587</td>\n",
       "      <td>0.118680</td>\n",
       "      <td>0.139839</td>\n",
       "      <td>0.002554</td>\n",
       "      <td>0.107440</td>\n",
       "      <td>0.310756</td>\n",
       "      <td>0.065890</td>\n",
       "      <td>0.086293</td>\n",
       "      <td>0.089205</td>\n",
       "      <td>-0.033770</td>\n",
       "      <td>0.953411</td>\n",
       "      <td>1.000000</td>\n",
       "      <td>-0.139376</td>\n",
       "    </tr>\n",
       "    <tr>\n",
       "      <th>CapaUtilization</th>\n",
       "      <td>0.724257</td>\n",
       "      <td>0.724211</td>\n",
       "      <td>0.720034</td>\n",
       "      <td>0.746910</td>\n",
       "      <td>0.725571</td>\n",
       "      <td>0.052011</td>\n",
       "      <td>0.019750</td>\n",
       "      <td>0.662219</td>\n",
       "      <td>0.080318</td>\n",
       "      <td>0.408467</td>\n",
       "      <td>0.219067</td>\n",
       "      <td>-0.012025</td>\n",
       "      <td>-0.024303</td>\n",
       "      <td>-0.159380</td>\n",
       "      <td>-0.139376</td>\n",
       "      <td>1.000000</td>\n",
       "    </tr>\n",
       "  </tbody>\n",
       "</table>\n",
       "</div>"
      ],
      "text/plain": [
       "                 LongWhua1  LongWhua2  LongWhua3       LCM  GuanFactory  \\\n",
       "LongWhua1         1.000000   0.988201   0.418870  0.122621     0.992368   \n",
       "LongWhua2         0.988201   1.000000   0.387505  0.127680     0.999546   \n",
       "LongWhua3         0.418870   0.387505   1.000000  0.462859     0.394371   \n",
       "LCM               0.122621   0.127680   0.462859  1.000000     0.126933   \n",
       "GuanFactory       0.992368   0.999546   0.394371  0.126933     1.000000   \n",
       "Module           -0.023938  -0.043864   0.080650  0.098470    -0.040041   \n",
       "ME               -0.044129  -0.050890   0.024264  0.074125    -0.049673   \n",
       "MP                0.870738   0.875123   0.364885  0.150269     0.875886   \n",
       "QADep             0.028717  -0.003570   0.136488  0.083201     0.002774   \n",
       "AIDep             0.496455   0.495165   0.232830  0.133052     0.496327   \n",
       "GM                0.197131   0.193477   0.173962  0.121695     0.194558   \n",
       "FinanceDep       -0.035199  -0.047490   0.097704 -0.017195    -0.045162   \n",
       "ManageDep        -0.328063  -0.296924  -0.235119  0.355327    -0.303580   \n",
       "Sales1            0.186727   0.168419  -0.191384 -0.371001     0.172324   \n",
       "Sales2            0.127168   0.116342  -0.237038 -0.263587     0.118680   \n",
       "CapaUtilization   0.724257   0.724211   0.720034  0.746910     0.725571   \n",
       "\n",
       "                   Module        ME        MP     QADep     AIDep        GM  \\\n",
       "LongWhua1       -0.023938 -0.044129  0.870738  0.028717  0.496455  0.197131   \n",
       "LongWhua2       -0.043864 -0.050890  0.875123 -0.003570  0.495165  0.193477   \n",
       "LongWhua3        0.080650  0.024264  0.364885  0.136488  0.232830  0.173962   \n",
       "LCM              0.098470  0.074125  0.150269  0.083201  0.133052  0.121695   \n",
       "GuanFactory     -0.040041 -0.049673  0.875886  0.002774  0.496327  0.194558   \n",
       "Module           1.000000  0.899015  0.397535  0.570733  0.759394 -0.032040   \n",
       "ME               0.899015  1.000000  0.438352  0.153508  0.842397 -0.051891   \n",
       "MP               0.397535  0.438352  1.000000  0.075061  0.853593  0.149743   \n",
       "QADep            0.570733  0.153508  0.075061  1.000000  0.133969  0.024997   \n",
       "AIDep            0.759394  0.842397  0.853593  0.133969  1.000000  0.059696   \n",
       "GM              -0.032040 -0.051891  0.149743  0.024997  0.059696  1.000000   \n",
       "FinanceDep       0.263196  0.171276  0.041542  0.272744  0.124177  0.152208   \n",
       "ManageDep       -0.055931 -0.059906 -0.300456 -0.013877 -0.214863 -0.099131   \n",
       "Sales1           0.107089 -0.008919  0.149768  0.258370  0.084620  0.069525   \n",
       "Sales2           0.139839  0.002554  0.107440  0.310756  0.065890  0.086293   \n",
       "CapaUtilization  0.052011  0.019750  0.662219  0.080318  0.408467  0.219067   \n",
       "\n",
       "                 FinanceDep  ManageDep    Sales1    Sales2  CapaUtilization  \n",
       "LongWhua1         -0.035199  -0.328063  0.186727  0.127168         0.724257  \n",
       "LongWhua2         -0.047490  -0.296924  0.168419  0.116342         0.724211  \n",
       "LongWhua3          0.097704  -0.235119 -0.191384 -0.237038         0.720034  \n",
       "LCM               -0.017195   0.355327 -0.371001 -0.263587         0.746910  \n",
       "GuanFactory       -0.045162  -0.303580  0.172324  0.118680         0.725571  \n",
       "Module             0.263196  -0.055931  0.107089  0.139839         0.052011  \n",
       "ME                 0.171276  -0.059906 -0.008919  0.002554         0.019750  \n",
       "MP                 0.041542  -0.300456  0.149768  0.107440         0.662219  \n",
       "QADep              0.272744  -0.013877  0.258370  0.310756         0.080318  \n",
       "AIDep              0.124177  -0.214863  0.084620  0.065890         0.408467  \n",
       "GM                 0.152208  -0.099131  0.069525  0.086293         0.219067  \n",
       "FinanceDep         1.000000  -0.071859 -0.003675  0.089205        -0.012025  \n",
       "ManageDep         -0.071859   1.000000 -0.097970 -0.033770        -0.024303  \n",
       "Sales1            -0.003675  -0.097970  1.000000  0.953411        -0.159380  \n",
       "Sales2             0.089205  -0.033770  0.953411  1.000000        -0.139376  \n",
       "CapaUtilization   -0.012025  -0.024303 -0.159380 -0.139376         1.000000  "
      ]
     },
     "metadata": {},
     "output_type": "display_data"
    }
   ],
   "source": [
    "display(df1.info())\n",
    "display(df1.corr())  \n",
    "# data.corr() 表示data兩個數據之間的相關性"
   ]
  },
  {
   "cell_type": "code",
   "execution_count": 14,
   "id": "392cde77-42ba-45d9-991e-d528ff763b0e",
   "metadata": {},
   "outputs": [
    {
     "data": {
